grad =

  8.4746e-003
  1.8788e-002
  7.7771e-005
  5.0345e-002
  1.1501e-002
  3.7665e-002
  1.8356e-002
  7.3239e-003
  8.1924e-003
  2.3476e-002
  3.9349e-002
  2.2392e-003
  1.2860e-002
  3.0959e-003
  3.9303e-002
  1.9971e-002
  4.3298e-003
  3.3864e-003
  5.8382e-003
  4.4763e-003
  3.1008e-002
  3.1031e-002
  1.0974e-003
  6.3157e-003
  4.0850e-004
  7.2650e-003
  1.3765e-003
  3.8794e-002

grad =

  8.4746e-003
  1.8788e-002
  7.7771e-005
  5.0345e-002
  1.1501e-002
  3.7665e-002
  1.8356e-002
  7.3239e-003
  8.1924e-003
  2.3476e-002
  3.9349e-002
  2.2392e-003
  1.2860e-002
  3.0959e-003
  3.9303e-002
  1.9971e-002
  4.3298e-003
  3.3864e-003
  5.8382e-003
  4.4763e-003
  3.1008e-002
  3.1031e-002
  1.0974e-003
  6.3157e-003
  4.0850e-004
  7.2650e-003
  1.3765e-003
  3.8794e-002

grad =

  -5.3604e-003
  1.4928e-002
  -5.6676e-003
  4.5369e-002
  1.1256e-002
  3.1041e-002
  1.5552e-002
  6.3638e-003
  7.5063e-003
  1.8626e-002
  3.6157e-002
  2.0395e-003
  1.1690e-002
  3.0247e-003
  3.4185e-002
  1.7670e-002
  3.9244e-003
  3.0110e-003
  5.2429e-003
  4.2383e-003
  2.6534e-002
  2.8569e-002
  9.3064e-004
  5.8378e-003
  3.4276e-004
  6.6261e-003
  1.3522e-003
  3.4169e-002

grad =

  -5.3604e-003
  1.4928e-002
  -5.6676e-003
  4.5369e-002
  1.1256e-002
  3.1041e-002
  1.5552e-002
  6.3638e-003
  7.5063e-003
  1.8626e-002
  3.6157e-002
  2.0395e-003
  1.1690e-002
  3.0247e-003
  3.4185e-002
  1.7670e-002
  3.9244e-003
  3.0110e-003
  5.2429e-003
  4.2383e-003
  2.6534e-002
  2.8569e-002
  9.3064e-004
  5.8378e-003
  3.4276e-004
  6.6261e-003
  1.3522e-003
  3.4169e-002

grad =

  -1.9518e-002
  9.8058e-003
  -1.1961e-002
  3.9536e-002
  1.0812e-002
  2.3672e-002
  1.1914e-002
  5.2784e-003
  6.5974e-003
  1.3068e-002
  3.2217e-002
  1.7567e-003
  1.0329e-002
  2.8788e-003
  2.8251e-002
  1.4686e-002
  3.4490e-003
  2.5277e-003
  4.5528e-003
  3.9088e-003
  2.1271e-002
  2.5452e-002
  7.0836e-004
  5.2637e-003
  2.5024e-004
  5.8721e-003
  1.2875e-003
  2.8690e-002

grad =

  -1.9518e-002
  9.8058e-003
  -1.1961e-002
  3.9536e-002
  1.0812e-002
  2.3672e-002
  1.1914e-002
  5.2784e-003
  6.5974e-003
  1.3068e-002
  3.2217e-002
  1.7567e-003
  1.0329e-002
  2.8788e-003
  2.8251e-002
  1.4686e-002
  3.4490e-003
  2.5277e-003
  4.5528e-003
  3.9088e-003
  2.1271e-002
  2.5452e-002
  7.0836e-004
  5.2637e-003
  2.5024e-004
  5.8721e-003
  1.2875e-003
  2.8690e-002

grad =

  -2.8324e-002
  3.6682e-003
  -1.6935e-002
  3.3965e-002
  1.0053e-002
  1.7519e-002
  7.7083e-003
  4.3338e-003
  5.5082e-003
  8.0549e-003
  2.8020e-002
  1.3862e-003
  9.0427e-003
  2.6105e-003
  2.2715e-002
  1.1235e-002
  2.9967e-003
  1.9734e-003
  3.9084e-003
  3.4889e-003
  1.6201e-002
  2.1978e-002
  4.4233e-004
  4.6813e-003
  1.3066e-004
  5.1361e-003
  1.1536e-003
  2.3314e-002

grad =

  -2.8324e-002
  3.6682e-003
  -1.6935e-002
  3.3965e-002
  1.0053e-002
  1.7519e-002
  7.7083e-003
  4.3338e-003
  5.5082e-003
  8.0549e-003
  2.8020e-002
  1.3862e-003
  9.0427e-003
  2.6105e-003
  2.2715e-002
  1.1235e-002
  2.9967e-003
  1.9734e-003
  3.9084e-003
  3.4889e-003
  1.6201e-002
  2.1978e-002
  4.4233e-004
  4.6813e-003
  1.3066e-004
  5.1361e-003
  1.1536e-003
  2.3314e-002

grad =

  -2.5347e-002
  -2.5744e-003
  -1.8294e-002
  3.0067e-002
  8.9328e-003
  1.4869e-002
  3.5901e-003
  3.8529e-003
  4.3841e-003
  5.0993e-003
  2.4282e-002
  9.6469e-004
  8.1548e-003
  2.2089e-003
  1.9015e-002
  7.8130e-003
  2.6855e-003
  1.4321e-003
  3.4774e-003
  3.0182e-003
  1.2506e-002
  1.8646e-002
  1.7209e-004
  4.2029e-003
  -1.0263e-006
  4.5787e-003
  9.4323e-004
  1.9181e-002

grad =

  -2.5347e-002
  -2.5744e-003
  -1.8294e-002
  3.0067e-002
  8.9328e-003
  1.4869e-002
  3.5901e-003
  3.8529e-003
  4.3841e-003
  5.0993e-003
  2.4282e-002
  9.6469e-004
  8.1548e-003
  2.2089e-003
  1.9015e-002
  7.8130e-003
  2.6855e-003
  1.4321e-003
  3.4774e-003
  3.0182e-003
  1.2506e-002
  1.8646e-002
  1.7209e-004
  4.2029e-003
  -1.0263e-006
  4.5787e-003
  9.4323e-004
  1.9181e-002

grad =

  -1.5209e-002
  -7.8820e-003
  -1.6905e-002
  2.6572e-002
  7.7412e-003
  1.3997e-002
  -8.2586e-005
  3.6249e-003
  3.3605e-003
  3.3217e-003
  2.0444e-002
  6.0092e-004
  7.3438e-003
  1.8398e-003
  1.6014e-002
  4.5698e-003
  2.4353e-003
  9.3349e-004
  3.1169e-003
  2.5729e-003
  9.3732e-003
  1.5178e-002
  -4.9017e-005
  3.7087e-003
  -1.0050e-004
  4.0363e-003
  7.6846e-004
  1.5375e-002

grad =

  -1.5209e-002
  -7.8820e-003
  -1.6905e-002
  2.6572e-002
  7.7412e-003
  1.3997e-002
  -8.2586e-005
  3.6249e-003
  3.3605e-003
  3.3217e-003
  2.0444e-002
  6.0092e-004
  7.3438e-003
  1.8398e-003
  1.6014e-002
  4.5698e-003
  2.4353e-003
  9.3349e-004
  3.1169e-003
  2.5729e-003
  9.3732e-003
  1.5178e-002
  -4.9017e-005
  3.7087e-003
  -1.0050e-004
  4.0363e-003
  7.6846e-004
  1.5375e-002

grad =

  -1.0605e-002
  -1.0411e-002
  -1.5273e-002
  2.0279e-002
  7.0675e-003
  1.0655e-002
  -2.7624e-003
  3.0925e-003
  2.6438e-003
  6.9692e-004
  1.5112e-002
  4.9942e-004
  5.8452e-003
  1.8314e-003
  1.1229e-002
  1.6798e-003
  2.0324e-003
  5.1209e-004
  2.4962e-003
  2.2787e-003
  5.1699e-003
  1.0859e-002
  -1.2760e-004
  2.9186e-003
  -8.5204e-005
  3.1460e-003
  8.4901e-004
  1.0100e-002

grad =

  -1.0605e-002
  -1.0411e-002
  -1.5273e-002
  2.0279e-002
  7.0675e-003
  1.0655e-002
  -2.7624e-003
  3.0925e-003
  2.6438e-003
  6.9692e-004
  1.5112e-002
  4.9942e-004
  5.8452e-003
  1.8314e-003
  1.1229e-002
  1.6798e-003
  2.0324e-003
  5.1209e-004
  2.4962e-003
  2.2787e-003
  5.1699e-003
  1.0859e-002
  -1.2760e-004
  2.9186e-003
  -8.5204e-005
  3.1460e-003
  8.4901e-004
  1.0100e-002

grad =

  8.6267e-003
  -6.6134e-003
  -6.0428e-003
  1.5864e-002
  6.3034e-003
  1.2387e-002
  -2.1044e-003
  3.1798e-003
  2.6106e-003
  2.3157e-003
  1.0623e-002
  6.1613e-004
  4.7880e-003
  1.8860e-003
  9.5394e-003
  7.7473e-004
  1.7655e-003
  4.5835e-004
  2.1582e-003
  2.0935e-003
  3.9359e-003
  7.2189e-003
  -2.7771e-005
  2.2347e-003
  3.2721e-005
  2.4775e-003
  9.4977e-004
  7.2422e-003

grad =

  8.6267e-003
  -6.6134e-003
  -6.0428e-003
  1.5864e-002
  6.3034e-003
  1.2387e-002
  -2.1044e-003
  3.1798e-003
  2.6106e-003
  2.3157e-003
  1.0623e-002
  6.1613e-004
  4.7880e-003
  1.8860e-003
  9.5394e-003
  7.7473e-004
  1.7655e-003
  4.5835e-004
  2.1582e-003
  2.0935e-003
  3.9359e-003
  7.2189e-003
  -2.7771e-005
  2.2347e-003
  3.2721e-005
  2.4775e-003
  9.4977e-004
  7.2422e-003

grad =

  2.1238e-002
  -1.3991e-003
  2.8873e-003
  7.0176e-003
  5.5142e-003
  1.0293e-002
  -1.2893e-003
  2.6769e-003
  2.4284e-003
  2.4189e-003
  3.4669e-003
  8.6072e-004
  2.6018e-003
  2.1115e-003
  5.0431e-003
  -4.5860e-004
  1.1969e-003
  2.9907e-004
  1.3773e-003
  1.8399e-003
  1.0032e-003
  1.8688e-003
  1.5949e-004
  1.0373e-003
  2.1779e-004
  1.2432e-003
  1.2174e-003
  2.1322e-003

grad =

  2.1238e-002
  -1.3991e-003
  2.8873e-003
  7.0176e-003
  5.5142e-003
  1.0293e-002
  -1.2893e-003
  2.6769e-003
  2.4284e-003
  2.4189e-003
  3.4669e-003
  8.6072e-004
  2.6018e-003
  2.1115e-003
  5.0431e-003
  -4.5860e-004
  1.1969e-003
  2.9907e-004
  1.3773e-003
  1.8399e-003
  1.0032e-003
  1.8688e-003
  1.5949e-004
  1.0373e-003
  2.1779e-004
  1.2432e-003
  1.2174e-003
  2.1322e-003

grad =

  2.0472e-002
  5.7058e-004
  4.8359e-003
  2.3037e-003
  5.2265e-003
  7.5248e-003
  -1.0516e-003
  2.1822e-003
  2.2542e-003
  1.5374e-003
  1.8214e-004
  9.6811e-004
  1.4156e-003
  2.2224e-003
  2.2999e-003
  -9.8898e-004
  8.6864e-004
  1.9355e-004
  9.2465e-004
  1.7064e-003
  -7.1150e-004
  -4.3676e-004
  2.4160e-004
  4.5203e-004
  2.9315e-004
  6.1689e-004
  1.3475e-003
  -4.3123e-004

grad =

  2.0472e-002
  5.7058e-004
  4.8359e-003
  2.3037e-003
  5.2265e-003
  7.5248e-003
  -1.0516e-003
  2.1822e-003
  2.2542e-003
  1.5374e-003
  1.8214e-004
  9.6811e-004
  1.4156e-003
  2.2224e-003
  2.2999e-003
  -9.8898e-004
  8.6864e-004
  1.9355e-004
  9.2465e-004
  1.7064e-003
  -7.1150e-004
  -4.3676e-004
  2.4160e-004
  4.5203e-004
  2.9315e-004
  6.1689e-004
  1.3475e-003
  -4.3123e-004

grad =

  1.6313e-002
  7.6182e-004
  3.9661e-003
  6.1601e-004
  5.1538e-003
  5.6452e-003
  -1.1274e-003
  1.8671e-003
  2.1382e-003
  6.4135e-004
  -7.3654e-004
  9.7115e-004
  9.8382e-004
  2.2363e-003
  1.0756e-003
  -1.1607e-003
  7.2769e-004
  1.4002e-004
  7.3479e-004
  1.6503e-003
  -1.5015e-003
  -1.0102e-003
  2.4635e-004
  2.7304e-004
  2.9973e-004
  4.0657e-004
  1.3730e-003
  -1.3521e-003

grad =

  1.6313e-002
  7.6182e-004
  3.9661e-003
  6.1601e-004
  5.1538e-003
  5.6452e-003
  -1.1274e-003
  1.8671e-003
  2.1382e-003
  6.4135e-004
  -7.3654e-004
  9.7115e-004
  9.8382e-004
  2.2363e-003
  1.0756e-003
  -1.1607e-003
  7.2769e-004
  1.4002e-004
  7.3479e-004
  1.6503e-003
  -1.5015e-003
  -1.0102e-003
  2.4635e-004
  2.7304e-004
  2.9973e-004
  4.0657e-004
  1.3730e-003
  -1.3521e-003

grad =

  8.9660e-003
  7.4927e-004
  1.8985e-003
  -1.3484e-003
  4.9962e-003
  2.8387e-003
  -1.2547e-003
  1.3756e-003
  1.9459e-003
  -7.8339e-004
  -1.6299e-003
  9.2726e-004
  4.6567e-004
  2.1969e-003
  -5.1654e-004
  -1.3081e-003
  5.3099e-004
  6.7733e-005
  4.8271e-004
  1.5563e-003
  -2.5224e-003
  -1.5030e-003
  2.2636e-004
  8.0972e-005
  2.8601e-004
  1.6532e-004
  1.3663e-003
  -2.4167e-003

grad =

  8.9660e-003
  7.4927e-004
  1.8985e-003
  -1.3484e-003
  4.9962e-003
  2.8387e-003
  -1.2547e-003
  1.3756e-003
  1.9459e-003
  -7.8339e-004
  -1.6299e-003
  9.2726e-004
  4.6567e-004
  2.1969e-003
  -5.1654e-004
  -1.3081e-003
  5.3099e-004
  6.7733e-005
  4.8271e-004
  1.5563e-003
  -2.5224e-003
  -1.5030e-003
  2.2636e-004
  8.0972e-005
  2.8601e-004
  1.6532e-004
  1.3663e-003
  -2.4167e-003

grad =

  5.0644e-003
  7.3793e-004
  5.4085e-004
  -2.0287e-003
  4.7684e-003
  1.4562e-003
  -1.2335e-003
  1.0854e-003
  1.8123e-003
  -1.4996e-003
  -1.8286e-003
  8.5091e-004
  2.5953e-004
  2.0979e-003
  -1.1813e-003
  -1.2740e-003
  4.1965e-004
  3.5796e-005
  3.5867e-004
  1.4744e-003
  -2.9174e-003
  -1.5594e-003
  1.9190e-004
  1.7017e-005
  2.5765e-004
  7.4466e-005
  1.3118e-003
  -2.7731e-003

grad =

  5.0644e-003
  7.3793e-004
  5.4085e-004
  -2.0287e-003
  4.7684e-003
  1.4562e-003
  -1.2335e-003
  1.0854e-003
  1.8123e-003
  -1.4996e-003
  -1.8286e-003
  8.5091e-004
  2.5953e-004
  2.0979e-003
  -1.1813e-003
  -1.2740e-003
  4.1965e-004
  3.5796e-005
  3.5867e-004
  1.4744e-003
  -2.9174e-003
  -1.5594e-003
  1.9190e-004
  1.7017e-005
  2.5765e-004
  7.4466e-005
  1.3118e-003
  -2.7731e-003

grad =

  4.9558e-004
  9.4408e-004
  -1.4226e-003
  -2.4982e-003
  4.0869e-003
  -2.2521e-004
  -9.5699e-004
  6.1016e-004
  1.5450e-003
  -2.3295e-003
  -1.7788e-003
  6.3823e-004
  4.1376e-005
  1.7929e-003
  -1.8418e-003
  -1.0172e-003
  2.2968e-004
  -7.0615e-007
  1.8122e-004
  1.2754e-003
  -3.2123e-003
  -1.3966e-003
  1.0090e-004
  -3.6827e-005
  1.7983e-004
  -1.7398e-005
  1.1328e-003
  -2.9786e-003

grad =

  4.9558e-004
  9.4408e-004
  -1.4226e-003
  -2.4982e-003
  4.0869e-003
  -2.2521e-004
  -9.5699e-004
  6.1016e-004
  1.5450e-003
  -2.3295e-003
  -1.7788e-003
  6.3823e-004
  4.1376e-005
  1.7929e-003
  -1.8418e-003
  -1.0172e-003
  2.2968e-004
  -7.0615e-007
  1.8122e-004
  1.2754e-003
  -3.2123e-003
  -1.3966e-003
  1.0090e-004
  -3.6827e-005
  1.7983e-004
  -1.7398e-005
  1.1328e-003
  -2.9786e-003

grad =

  -1.7614e-003
  1.6103e-003
  -3.1220e-003
  -2.2473e-003
  2.7530e-003
  -1.3626e-003
  -2.4124e-004
  3.0944e-005
  1.1281e-003
  -2.7586e-003
  -1.2906e-003
  2.4762e-004
  -8.4521e-005
  1.2014e-003
  -2.0526e-003
  -4.2468e-004
  -2.3359e-005
  -2.7647e-005
  -7.5458e-006
  9.2102e-004
  -3.0596e-003
  -9.1850e-004
  -5.9439e-005
  -5.0235e-005
  4.0145e-005
  -6.6326e-005
  7.7900e-004
  -2.7326e-003

grad =

  -1.7614e-003
  1.6103e-003
  -3.1220e-003
  -2.2473e-003
  2.7530e-003
  -1.3626e-003
  -2.4124e-004
  3.0944e-005
  1.1281e-003
  -2.7586e-003
  -1.2906e-003
  2.4762e-004
  -8.4521e-005
  1.2014e-003
  -2.0526e-003
  -4.2468e-004
  -2.3359e-005
  -2.7647e-005
  -7.5458e-006
  9.2102e-004
  -3.0596e-003
  -9.1850e-004
  -5.9439e-005
  -5.0235e-005
  4.0145e-005
  -6.6326e-005
  7.7900e-004
  -2.7326e-003

grad =

  1.1461e-003
  2.6774e-003
  -3.4446e-003
  -9.9419e-004
  8.7817e-004
  -1.0696e-003
  8.5474e-004
  -4.6421e-004
  6.0752e-004
  -2.2779e-003
  -3.6692e-004
  -2.7465e-004
  -2.5032e-005
  3.7694e-004
  -1.4377e-003
  4.3263e-004
  -2.7570e-004
  -3.9093e-005
  -1.3643e-004
  4.4111e-004
  -2.2213e-003
  -1.8557e-004
  -2.6685e-004
  -5.1020e-006
  -1.4355e-004
  -3.4167e-005
  2.7948e-004
  -1.8680e-003

grad =

  1.1461e-003
  2.6774e-003
  -3.4446e-003
  -9.9419e-004
  8.7817e-004
  -1.0696e-003
  8.5474e-004
  -4.6421e-004
  6.0752e-004
  -2.2779e-003
  -3.6692e-004
  -2.7465e-004
  -2.5032e-005
  3.7694e-004
  -1.4377e-003
  4.3263e-004
  -2.7570e-004
  -3.9093e-005
  -1.3643e-004
  4.4111e-004
  -2.2213e-003
  -1.8557e-004
  -2.6685e-004
  -5.1020e-006
  -1.4355e-004
  -3.4167e-005
  2.7948e-004
  -1.8680e-003

grad =

  7.0379e-003
  3.1580e-003
  -2.1200e-003
  2.3971e-004
  -2.3444e-004
  3.6890e-004
  1.4329e-003
  -5.2238e-004
  2.9832e-004
  -1.2333e-003
  2.4360e-004
  -5.6179e-004
  1.4761e-004
  -1.0999e-004
  -4.8048e-004
  8.6565e-004
  -3.4758e-004
  -4.7565e-005
  -1.1873e-004
  1.5178e-004
  -1.3065e-003
  2.1300e-004
  -3.7421e-004
  5.1379e-005
  -2.4353e-004
  4.3212e-005
  -2.0560e-005
  -1.0300e-003

grad =

  7.0379e-003
  3.1580e-003
  -2.1200e-003
  2.3971e-004
  -2.3444e-004
  3.6890e-004
  1.4329e-003
  -5.2238e-004
  2.9832e-004
  -1.2333e-003
  2.4360e-004
  -5.6179e-004
  1.4761e-004
  -1.0999e-004
  -4.8048e-004
  8.6565e-004
  -3.4758e-004
  -4.7565e-005
  -1.1873e-004
  1.5178e-004
  -1.3065e-003
  2.1300e-004
  -3.7421e-004
  5.1379e-005
  -2.4353e-004
  4.3212e-005
  -2.0560e-005
  -1.0300e-003

grad =

  1.0548e-002
  2.8672e-003
  -9.3345e-004
  6.7215e-004
  -4.5821e-004
  1.3373e-003
  1.3535e-003
  -3.7926e-004
  1.8703e-004
  -5.8305e-004
  3.2535e-004
  -6.0265e-004
  2.4245e-004
  -2.0884e-004
  2.2379e-005
  8.1122e-004
  -3.0697e-004
  -7.0727e-005
  -5.7936e-005
  7.4949e-005
  -8.9126e-004
  2.1108e-004
  -3.8367e-004
  6.9546e-005
  -2.5802e-004
  8.4636e-005
  -8.4163e-005
  -6.9701e-004

grad =

  1.0548e-002
  2.8672e-003
  -9.3345e-004
  6.7215e-004
  -4.5821e-004
  1.3373e-003
  1.3535e-003
  -3.7926e-004
  1.8703e-004
  -5.8305e-004
  3.2535e-004
  -6.0265e-004
  2.4245e-004
  -2.0884e-004
  2.2379e-005
  8.1122e-004
  -3.0697e-004
  -7.0727e-005
  -5.7936e-005
  7.4949e-005
  -8.9126e-004
  2.1108e-004
  -3.8367e-004
  6.9546e-005
  -2.5802e-004
  8.4636e-005
  -8.4163e-005
  -6.9701e-004

grad =

  1.1909e-002
  2.2596e-003
  -3.2090e-004
  7.0737e-004
  -4.8181e-004
  1.7044e-003
  1.0604e-003
  -2.6539e-004
  8.8023e-005
  -2.9581e-004
  2.3982e-004
  -5.9546e-004
  2.6238e-004
  -2.2438e-004
  1.9597e-004
  6.2306e-004
  -2.6313e-004
  -1.0871e-004
  -1.8203e-005
  3.6228e-005
  -7.3750e-004
  1.1279e-004
  -3.7604e-004
  6.4766e-005
  -2.5690e-004
  9.4805e-005
  -9.5947e-005
  -5.9773e-004

grad =

  1.1909e-002
  2.2596e-003
  -3.2090e-004
  7.0737e-004
  -4.8181e-004
  1.7044e-003
  1.0604e-003
  -2.6539e-004
  8.8023e-005
  -2.9581e-004
  2.3982e-004
  -5.9546e-004
  2.6238e-004
  -2.2438e-004
  1.9597e-004
  6.2306e-004
  -2.6313e-004
  -1.0871e-004
  -1.8203e-005
  3.6228e-005
  -7.3750e-004
  1.1279e-004
  -3.7604e-004
  6.4766e-005
  -2.5690e-004
  9.4805e-005
  -9.5947e-005
  -5.9773e-004

grad =

  1.2585e-002
  1.0880e-003
  1.6573e-004
  5.6346e-004
  -5.5290e-004
  1.8155e-003
  5.1184e-004
  -1.5563e-004
  -1.2565e-004
  -7.3623e-005
  6.2525e-005
  -5.9807e-004
  2.3709e-004
  -2.6953e-004
  2.7051e-004
  2.9385e-004
  -2.1480e-004
  -1.8546e-004
  1.6189e-005
  -5.0120e-005
  -6.0598e-004
  -4.5498e-005
  -3.7060e-004
  4.2516e-005
  -2.6131e-004
  8.8787e-005
  -1.2702e-004
  -5.3060e-004

grad =

  1.2585e-002
  1.0880e-003
  1.6573e-004
  5.6346e-004
  -5.5290e-004
  1.8155e-003
  5.1184e-004
  -1.5563e-004
  -1.2565e-004
  -7.3623e-005
  6.2525e-005
  -5.9807e-004
  2.3709e-004
  -2.6953e-004
  2.7051e-004
  2.9385e-004
  -2.1480e-004
  -1.8546e-004
  1.6189e-005
  -5.0120e-005
  -6.0598e-004
  -4.5498e-005
  -3.7060e-004
  4.2516e-005
  -2.6131e-004
  8.8787e-005
  -1.2702e-004
  -5.3060e-004

grad =

  1.2041e-002
  -1.2655e-004
  2.2881e-004
  2.9625e-004
  -6.8872e-004
  1.5289e-003
  -2.7322e-005
  -1.2275e-004
  -3.8218e-004
  -3.4039e-005
  -1.0883e-004
  -6.2047e-004
  1.6690e-004
  -3.4724e-004
  1.9410e-004
  -7.6349e-006
  -1.9252e-004
  -2.6824e-004
  2.2007e-005
  -1.6354e-004
  -5.4105e-004
  -1.7104e-004
  -3.7336e-004
  1.0881e-005
  -2.7320e-004
  6.5623e-005
  -1.7839e-004
  -5.1031e-004

grad =

  1.2041e-002
  -1.2655e-004
  2.2881e-004
  2.9625e-004
  -6.8872e-004
  1.5289e-003
  -2.7322e-005
  -1.2275e-004
  -3.8218e-004
  -3.4039e-005
  -1.0883e-004
  -6.2047e-004
  1.6690e-004
  -3.4724e-004
  1.9410e-004
  -7.6349e-006
  -1.9252e-004
  -2.6824e-004
  2.2007e-005
  -1.6354e-004
  -5.4105e-004
  -1.7104e-004
  -3.7336e-004
  1.0881e-005
  -2.7320e-004
  6.5623e-005
  -1.7839e-004
  -5.1031e-004

grad =

  1.0951e-002
  -7.3107e-004
  9.6217e-006
  8.2903e-005
  -7.9347e-004
  1.1141e-003
  -2.7199e-004
  -1.5474e-004
  -5.3567e-004
  -1.1362e-004
  -1.8421e-004
  -6.3802e-004
  1.0048e-004
  -4.0517e-004
  6.4614e-005
  -1.2806e-004
  -1.9694e-004
  -3.0995e-004
  6.9290e-006
  -2.3884e-004
  -5.3032e-004
  -2.0539e-004
  -3.7595e-004
  -1.1207e-005
  -2.8126e-004
  4.2504e-005
  -2.1716e-004
  -5.1421e-004

grad =

  1.0951e-002
  -7.3107e-004
  9.6217e-006
  8.2903e-005
  -7.9347e-004
  1.1141e-003
  -2.7199e-004
  -1.5474e-004
  -5.3567e-004
  -1.1362e-004
  -1.8421e-004
  -6.3802e-004
  1.0048e-004
  -4.0517e-004
  6.4614e-005
  -1.2806e-004
  -1.9694e-004
  -3.0995e-004
  6.9290e-006
  -2.3884e-004
  -5.3032e-004
  -2.0539e-004
  -3.7595e-004
  -1.1207e-005
  -2.8126e-004
  4.2504e-005
  -2.1716e-004
  -5.1421e-004

grad =

  1.0098e-002
  -8.7135e-004
  -1.6673e-004
  -3.0108e-005
  -8.2535e-004
  8.1111e-004
  -3.0921e-004
  -1.8717e-004
  -5.8814e-004
  -1.7075e-004
  -1.9396e-004
  -6.3369e-004
  5.9283e-005
  -4.2476e-004
  -2.0763e-005
  -1.3274e-004
  -2.0355e-004
  -3.1687e-004
  -6.4174e-006
  -2.7004e-004
  -5.1339e-004
  -1.9089e-004
  -3.6988e-004
  -2.1703e-005
  -2.7953e-004
  2.8190e-005
  -2.3268e-004
  -5.0435e-004

grad =

  1.0098e-002
  -8.7135e-004
  -1.6673e-004
  -3.0108e-005
  -8.2535e-004
  8.1111e-004
  -3.0921e-004
  -1.8717e-004
  -5.8814e-004
  -1.7075e-004
  -1.9396e-004
  -6.3369e-004
  5.9283e-005
  -4.2476e-004
  -2.0763e-005
  -1.3274e-004
  -2.0355e-004
  -3.1687e-004
  -6.4174e-006
  -2.7004e-004
  -5.1339e-004
  -1.9089e-004
  -3.6988e-004
  -2.1703e-005
  -2.7953e-004
  2.8190e-005
  -2.3268e-004
  -5.0435e-004

grad =

  9.1705e-003
  -8.5658e-004
  -2.6213e-004
  -1.3410e-004
  -7.9297e-004
  4.7533e-004
  -2.6917e-004
  -2.0672e-004
  -6.0453e-004
  -1.7324e-004
  -1.7854e-004
  -5.9401e-004
  1.4800e-005
  -4.1577e-004
  -8.7861e-005
  -9.0726e-005
  -2.0118e-004
  -3.0509e-004
  -1.5763e-005
  -2.8780e-004
  -4.3958e-004
  -1.5073e-004
  -3.4452e-004
  -3.0934e-005
  -2.6338e-004
  1.3464e-005
  -2.3458e-004
  -4.5206e-004

grad =

  9.1705e-003
  -8.5658e-004
  -2.6213e-004
  -1.3410e-004
  -7.9297e-004
  4.7533e-004
  -2.6917e-004
  -2.0672e-004
  -6.0453e-004
  -1.7324e-004
  -1.7854e-004
  -5.9401e-004
  1.4800e-005
  -4.1577e-004
  -8.7861e-005
  -9.0726e-005
  -2.0118e-004
  -3.0509e-004
  -1.5763e-005
  -2.8780e-004
  -4.3958e-004
  -1.5073e-004
  -3.4452e-004
  -3.0934e-005
  -2.6338e-004
  1.3464e-005
  -2.3458e-004
  -4.5206e-004

grad =

  8.3519e-003
  -6.7775e-004
  -1.1016e-004
  -2.1932e-004
  -6.2841e-004
  1.3846e-004
  -1.5016e-004
  -1.7906e-004
  -5.6543e-004
  -3.5210e-005
  -1.3682e-004
  -4.8193e-004
  -3.2872e-005
  -3.4846e-004
  -9.9270e-005
  -4.4219e-006
  -1.7204e-004
  -2.6462e-004
  -1.0401e-005
  -2.8208e-004
  -2.4486e-004
  -8.5303e-005
  -2.7960e-004
  -3.8949e-005
  -2.1814e-004
  -9.7163e-007
  -2.0811e-004
  -3.1374e-004

grad =

  8.3519e-003
  -6.7775e-004
  -1.1016e-004
  -2.1932e-004
  -6.2841e-004
  1.3846e-004
  -1.5016e-004
  -1.7906e-004
  -5.6543e-004
  -3.5210e-005
  -1.3682e-004
  -4.8193e-004
  -3.2872e-005
  -3.4846e-004
  -9.9270e-005
  -4.4219e-006
  -1.7204e-004
  -2.6462e-004
  -1.0401e-005
  -2.8208e-004
  -2.4486e-004
  -8.5303e-005
  -2.7960e-004
  -3.8949e-005
  -2.1814e-004
  -9.7163e-007
  -2.0811e-004
  -3.1374e-004

grad =

  8.3140e-003
  -3.6848e-004
  4.1449e-004
  -2.1971e-004
  -3.1280e-004
  3.7598e-006
  1.0572e-005
  -7.5049e-005
  -4.5178e-004
  2.7887e-004
  -7.9742e-005
  -2.9900e-004
  -5.9373e-005
  -2.1089e-004
  -4.2556e-006
  9.1173e-005
  -1.0721e-004
  -1.9744e-004
  1.9801e-005
  -2.3633e-004
  5.4103e-005
  -2.1351e-005
  -1.7796e-004
  -4.0988e-005
  -1.4448e-004
  -7.3370e-006
  -1.4306e-004
  -1.0276e-004

grad =

  8.3140e-003
  -3.6848e-004
  4.1449e-004
  -2.1971e-004
  -3.1280e-004
  3.7598e-006
  1.0572e-005
  -7.5049e-005
  -4.5178e-004
  2.7887e-004
  -7.9742e-005
  -2.9900e-004
  -5.9373e-005
  -2.1089e-004
  -4.2556e-006
  9.1173e-005
  -1.0721e-004
  -1.9744e-004
  1.9801e-005
  -2.3633e-004
  5.4103e-005
  -2.1351e-005
  -1.7796e-004
  -4.0988e-005
  -1.4448e-004
  -7.3370e-006
  -1.4306e-004
  -1.0276e-004

grad =

  9.1824e-003
  -1.3215e-004
  9.7572e-004
  -1.2419e-004
  -2.3965e-005
  1.4804e-004
  1.0557e-004
  4.3908e-005
  -3.2436e-004
  5.6582e-004
  -4.0925e-005
  -1.4809e-004
  -4.9451e-005
  -7.8839e-005
  1.3074e-004
  1.3041e-004
  -4.3368e-005
  -1.4136e-004
  5.5636e-005
  -1.7260e-004
  2.6718e-004
  6.7409e-007
  -9.6815e-005
  -3.5977e-005
  -8.3414e-005
  -3.1739e-006
  -7.3730e-005
  4.5919e-005

grad =

  9.1824e-003
  -1.3215e-004
  9.7572e-004
  -1.2419e-004
  -2.3965e-005
  1.4804e-004
  1.0557e-004
  4.3908e-005
  -3.2436e-004
  5.6582e-004
  -4.0925e-005
  -1.4809e-004
  -4.9451e-005
  -7.8839e-005
  1.3074e-004
  1.3041e-004
  -4.3368e-005
  -1.4136e-004
  5.5636e-005
  -1.7260e-004
  2.6718e-004
  6.7409e-007
  -9.6815e-005
  -3.5977e-005
  -8.3414e-005
  -3.1739e-006
  -7.3730e-005
  4.5919e-005

grad =

  1.0074e-002
  -6.1143e-005
  1.1889e-003
  -2.2237e-005
  1.0490e-004
  3.1849e-004
  1.1574e-004
  9.9570e-005
  -2.4930e-004
  6.5193e-004
  -2.5507e-005
  -8.7079e-005
  -3.0421e-005
  -1.4781e-005
  1.9129e-004
  1.1975e-004
  -1.4426e-005
  -1.1670e-004
  7.0806e-005
  -1.2878e-004
  3.0585e-004
  -5.6548e-006
  -6.5337e-005
  -3.0619e-005
  -5.7929e-005
  1.1508e-006
  -3.5441e-005
  7.1993e-005

grad =

  1.0074e-002
  -6.1143e-005
  1.1889e-003
  -2.2237e-005
  1.0490e-004
  3.1849e-004
  1.1574e-004
  9.9570e-005
  -2.4930e-004
  6.5193e-004
  -2.5507e-005
  -8.7079e-005
  -3.0421e-005
  -1.4781e-005
  1.9129e-004
  1.1975e-004
  -1.4426e-005
  -1.1670e-004
  7.0806e-005
  -1.2878e-004
  3.0585e-004
  -5.6548e-006
  -6.5337e-005
  -3.0619e-005
  -5.7929e-005
  1.1508e-006
  -3.5441e-005
  7.1993e-005

grad =

  1.0741e-002
  -5.5676e-005
  1.1325e-003
  6.5895e-005
  1.5672e-004
  3.9327e-004
  1.0028e-004
  1.0773e-004
  -1.9877e-004
  6.0159e-004
  -1.0414e-005
  -6.2447e-005
  -1.9416e-005
  1.6598e-005
  1.8016e-004
  9.9326e-005
  -5.7208e-006
  -1.0254e-004
  6.8633e-005
  -9.6466e-005
  2.5531e-004
  -1.0377e-005
  -5.2948e-005
  -2.7183e-005
  -4.6269e-005
  3.3638e-007
  -1.2785e-005
  3.7401e-005

grad =

  1.0741e-002
  -5.5676e-005
  1.1325e-003
  6.5895e-005
  1.5672e-004
  3.9327e-004
  1.0028e-004
  1.0773e-004
  -1.9877e-004
  6.0159e-004
  -1.0414e-005
  -6.2447e-005
  -1.9416e-005
  1.6598e-005
  1.8016e-004
  9.9326e-005
  -5.7208e-006
  -1.0254e-004
  6.8633e-005
  -9.6466e-005
  2.5531e-004
  -1.0377e-005
  -5.2948e-005
  -2.7183e-005
  -4.6269e-005
  3.3638e-007
  -1.2785e-005
  3.7401e-005

grad =

  1.1275e-002
  -6.9520e-005
  7.9738e-004
  1.5871e-004
  1.8108e-004
  3.3283e-004
  8.0288e-005
  7.3878e-005
  -1.4353e-004
  4.1445e-004
  1.9912e-005
  -4.3911e-005
  -2.1223e-005
  3.9731e-005
  8.8823e-005
  8.0374e-005
  -9.3683e-006
  -8.4807e-005
  4.8223e-005
  -6.1189e-005
  1.2977e-004
  -1.1564e-006
  -4.2774e-005
  -2.5633e-005
  -3.5442e-005
  -8.7290e-006
  7.9112e-006
  -4.5814e-005

grad =

  1.1275e-002
  -6.9520e-005
  7.9738e-004
  1.5871e-004
  1.8108e-004
  3.3283e-004
  8.0288e-005
  7.3878e-005
  -1.4353e-004
  4.1445e-004
  1.9912e-005
  -4.3911e-005
  -2.1223e-005
  3.9731e-005
  8.8823e-005
  8.0374e-005
  -9.3683e-006
  -8.4807e-005
  4.8223e-005
  -6.1189e-005
  1.2977e-004
  -1.1564e-006
  -4.2774e-005
  -2.5633e-005
  -3.5442e-005
  -8.7290e-006
  7.9112e-006
  -4.5814e-005

grad =

  1.1313e-002
  -7.8408e-005
  3.1030e-004
  2.0187e-004
  1.7364e-004
  1.1721e-004
  7.6375e-005
  8.9635e-006
  -1.0543e-004
  1.6982e-004
  5.5663e-005
  -3.2656e-005
  -4.0745e-005
  4.6961e-005
  -5.0887e-005
  8.0203e-005
  -2.3615e-005
  -6.7785e-005
  1.6716e-005
  -3.8878e-005
  -5.4068e-006
  2.4806e-005
  -3.4942e-005
  -2.7568e-005
  -2.7237e-005
  -2.3929e-005
  1.8118e-005
  -1.3213e-004

grad =

  1.1313e-002
  -7.8408e-005
  3.1030e-004
  2.0187e-004
  1.7364e-004
  1.1721e-004
  7.6375e-005
  8.9635e-006
  -1.0543e-004
  1.6982e-004
  5.5663e-005
  -3.2656e-005
  -4.0745e-005
  4.6961e-005
  -5.0887e-005
  8.0203e-005
  -2.3615e-005
  -6.7785e-005
  1.6716e-005
  -3.8878e-005
  -5.4068e-006
  2.4806e-005
  -3.4942e-005
  -2.7568e-005
  -2.7237e-005
  -2.3929e-005
  1.8118e-005
  -1.3213e-004

grad =

  1.1011e-002
  -7.1474e-005
  2.7673e-005
  1.8423e-004
  1.5491e-004
  -6.7541e-005
  8.7161e-005
  -3.5019e-005
  -9.7939e-005
  4.1344e-005
  7.2391e-005
  -2.9385e-005
  -5.9930e-005
  4.1876e-005
  -1.3346e-004
  9.2672e-005
  -3.4856e-005
  -5.9775e-005
  -2.4545e-006
  -3.6933e-005
  -5.9151e-005
  4.5530e-005
  -3.1315e-005
  -3.0494e-005
  -2.4175e-005
  -3.3734e-005
  1.6561e-005
  -1.6270e-004

grad =

  1.1011e-002
  -7.1474e-005
  2.7673e-005
  1.8423e-004
  1.5491e-004
  -6.7541e-005
  8.7161e-005
  -3.5019e-005
  -9.7939e-005
  4.1344e-005
  7.2391e-005
  -2.9385e-005
  -5.9930e-005
  4.1876e-005
  -1.3346e-004
  9.2672e-005
  -3.4856e-005
  -5.9775e-005
  -2.4545e-006
  -3.6933e-005
  -5.9151e-005
  4.5530e-005
  -3.1315e-005
  -3.0494e-005
  -2.4175e-005
  -3.3734e-005
  1.6561e-005
  -1.6270e-004

grad =

  1.0818e-002
  -6.2722e-005
  -2.9132e-005
  1.5962e-004
  1.4502e-004
  -1.2695e-004
  9.3930e-005
  -4.6303e-005
  -1.0049e-004
  2.2257e-005
  7.2136e-005
  -2.8941e-005
  -6.6692e-005
  3.7182e-005
  -1.4732e-004
  9.9089e-005
  -3.7968e-005
  -5.7985e-005
  -6.6927e-006
  -4.0295e-005
  -5.7080e-005
  5.0684e-005
  -3.0187e-005
  -3.1688e-005
  -2.3691e-005
  -3.5798e-005
  1.3254e-005
  -1.5690e-004

grad =

  1.0818e-002
  -6.2722e-005
  -2.9132e-005
  1.5962e-004
  1.4502e-004
  -1.2695e-004
  9.3930e-005
  -4.6303e-005
  -1.0049e-004
  2.2257e-005
  7.2136e-005
  -2.8941e-005
  -6.6692e-005
  3.7182e-005
  -1.4732e-004
  9.9089e-005
  -3.7968e-005
  -5.7985e-005
  -6.6927e-006
  -4.0295e-005
  -5.7080e-005
  5.0684e-005
  -3.0187e-005
  -3.1688e-005
  -2.3691e-005
  -3.5798e-005
  1.3254e-005
  -1.5690e-004

grad =

  1.0684e-002
  -5.3767e-005
  -4.6916e-005
  1.3407e-004
  1.3646e-004
  -1.5258e-004
  9.6461e-005
  -5.1123e-005
  -1.0127e-004
  2.1771e-005
  6.6337e-005
  -2.8128e-005
  -6.9653e-005
  3.3078e-005
  -1.4435e-004
  1.0070e-004
  -3.9071e-005
  -5.6245e-005
  -8.2392e-006
  -4.2602e-005
  -4.5518e-005
  5.0211e-005
  -2.8928e-005
  -3.2153e-005
  -2.3131e-005
  -3.5859e-005
  1.0242e-005
  -1.4254e-004

grad =

  1.0684e-002
  -5.3767e-005
  -4.6916e-005
  1.3407e-004
  1.3646e-004
  -1.5258e-004
  9.6461e-005
  -5.1123e-005
  -1.0127e-004
  2.1771e-005
  6.6337e-005
  -2.8128e-005
  -6.9653e-005
  3.3078e-005
  -1.4435e-004
  1.0070e-004
  -3.9071e-005
  -5.6245e-005
  -8.2392e-006
  -4.2602e-005
  -4.5518e-005
  5.0211e-005
  -2.8928e-005
  -3.2153e-005
  -2.3131e-005
  -3.5859e-005
  1.0242e-005
  -1.4254e-004

grad =

  1.0501e-002
  -3.5984e-005
  -6.6915e-005
  8.0832e-005
  1.1813e-004
  -1.6919e-004
  9.3218e-005
  -5.6926e-005
  -9.6297e-005
  2.8040e-005
  4.7039e-005
  -2.5233e-005
  -7.1112e-005
  2.5380e-005
  -1.2215e-004
  9.5071e-005
  -3.9511e-005
  -5.1038e-005
  -1.0073e-005
  -4.3616e-005
  -1.8151e-005
  4.1391e-005
  -2.5522e-005
  -3.2018e-005
  -2.1208e-005
  -3.3884e-005
  4.9838e-006
  -1.0541e-004

grad =

  1.0501e-002
  -3.5984e-005
  -6.6915e-005
  8.0832e-005
  1.1813e-004
  -1.6919e-004
  9.3218e-005
  -5.6926e-005
  -9.6297e-005
  2.8040e-005
  4.7039e-005
  -2.5233e-005
  -7.1112e-005
  2.5380e-005
  -1.2215e-004
  9.5071e-005
  -3.9511e-005
  -5.1038e-005
  -1.0073e-005
  -4.3616e-005
  -1.8151e-005
  4.1391e-005
  -2.5522e-005
  -3.2018e-005
  -2.1208e-005
  -3.3884e-005
  4.9838e-006
  -1.0541e-004

grad =

  1.0385e-002
  -1.2817e-005
  -8.4860e-005
  6.2436e-006
  9.0210e-005
  -1.4402e-004
  7.5346e-005
  -6.0787e-005
  -7.8385e-005
  3.9958e-005
  9.7636e-006
  -1.9350e-005
  -6.6563e-005
  1.5574e-005
  -7.0965e-005
  7.3363e-005
  -3.7814e-005
  -4.0843e-005
  -1.1559e-005
  -3.8799e-005
  2.1056e-005
  1.7801e-005
  -1.9457e-005
  -3.0172e-005
  -1.7228e-005
  -2.8316e-005
  -8.2364e-007
  -4.4719e-005

grad =

  1.0385e-002
  -1.2817e-005
  -8.4860e-005
  6.2436e-006
  9.0210e-005
  -1.4402e-004
  7.5346e-005
  -6.0787e-005
  -7.8385e-005
  3.9958e-005
  9.7636e-006
  -1.9350e-005
  -6.6563e-005
  1.5574e-005
  -7.0965e-005
  7.3363e-005
  -3.7814e-005
  -4.0843e-005
  -1.1559e-005
  -3.8799e-005
  2.1056e-005
  1.7801e-005
  -1.9457e-005
  -3.0172e-005
  -1.7228e-005
  -2.8316e-005
  -8.2364e-007
  -4.4719e-005

grad =

  1.0469e-002
  4.4128e-006
  -9.0791e-005
  -5.6854e-005
  6.2751e-005
  -6.1355e-005
  4.2460e-005
  -5.8784e-005
  -4.8495e-005
  5.1695e-005
  -3.4895e-005
  -1.1993e-005
  -5.4006e-005
  8.3493e-006
  -2.5555e-006
  3.6677e-005
  -3.3329e-005
  -2.8178e-005
  -1.1628e-005
  -2.6342e-005
  5.3994e-005
  -1.6626e-005
  -1.2571e-005
  -2.6329e-005
  -1.2110e-005
  -1.9952e-005
  -3.7247e-006
  1.7272e-005

grad =

  1.0469e-002
  4.4128e-006
  -9.0791e-005
  -5.6854e-005
  6.2751e-005
  -6.1355e-005
  4.2460e-005
  -5.8784e-005
  -4.8495e-005
  5.1695e-005
  -3.4895e-005
  -1.1993e-005
  -5.4006e-005
  8.3493e-006
  -2.5555e-006
  3.6677e-005
  -3.3329e-005
  -2.8178e-005
  -1.1628e-005
  -2.6342e-005
  5.3994e-005
  -1.6626e-005
  -1.2571e-005
  -2.6329e-005
  -1.2110e-005
  -1.9952e-005
  -3.7247e-006
  1.7272e-005

grad =

  1.0678e-002
  4.0788e-006
  -8.1797e-005
  -6.5198e-005
  5.4042e-005
  1.6228e-005
  1.8204e-005
  -5.2385e-005
  -2.7997e-005
  5.4114e-005
  -5.4990e-005
  -8.3529e-006
  -4.2450e-005
  8.3736e-006
  3.3687e-005
  1.1381e-005
  -2.9124e-005
  -2.1820e-005
  -1.0311e-005
  -1.5321e-005
  5.7532e-005
  -3.6905e-005
  -9.6283e-006
  -2.3116e-005
  -9.4199e-006
  -1.4703e-005
  -1.9410e-006
  3.7001e-005

grad =

  1.0678e-002
  4.0788e-006
  -8.1797e-005
  -6.5198e-005
  5.4042e-005
  1.6228e-005
  1.8204e-005
  -5.2385e-005
  -2.7997e-005
  5.4114e-005
  -5.4990e-005
  -8.3529e-006
  -4.2450e-005
  8.3736e-006
  3.3687e-005
  1.1381e-005
  -2.9124e-005
  -2.1820e-005
  -1.0311e-005
  -1.5321e-005
  5.7532e-005
  -3.6905e-005
  -9.6283e-006
  -2.3116e-005
  -9.4199e-006
  -1.4703e-005
  -1.9410e-006
  3.7001e-005

grad =

  1.0795e-002
  -1.7322e-006
  -7.2801e-005
  -4.9904e-005
  5.6065e-005
  4.2609e-005
  1.1765e-005
  -4.7944e-005
  -2.3153e-005
  5.1345e-005
  -5.3842e-005
  -8.1520e-006
  -3.8042e-005
  1.0562e-005
  3.6220e-005
  5.5300e-006
  -2.7277e-005
  -2.1267e-005
  -9.2565e-006
  -1.1564e-005
  4.8768e-005
  -3.9396e-005
  -9.7075e-006
  -2.1867e-005
  -9.1137e-006
  -1.3601e-005
  2.1305e-007
  3.0300e-005

Train Accuracy: 83.050847
Expected accuracy (with lambda = 1): 83.1 (approx)
